1	0.8713
2	0.9655
3	0.9664
4	0.9969
5	0.9903
6	0.9882
7	0.9932
8	0.9858
9	0.9926
10	0.9920
11	0.9919
12	0.9855
13	0.9878
14	0.9878
15	0.9033
16	0.9959
17	0.9952
18	0.9706
19	0.9944
20	0.9863
21	0.9926
22	0.9937
23	0.8818
24	0.9944
25	0.9944
26	0.9926
27	0.9926
28	0.9830
29	0.9967
30	0.9919
31	0.9909
32	0.9961
33	0.9730
34	0.9945
35	0.9902
36	0.9899
37	0.9899
38	0.9892
39	0.9890
40	0.9966
41	0.9974
42	0.9903
43	0.9895
44	0.9656
45	0.9972
46	0.9825
47	0.0000
48	0.9972
49	0.9942
50	0.9913
51	0.9882
52	0.9900
53	0.9869
54	0.9868
55	0.9971
56	0.9898
57	0.9861
58	0.9701
59	0.9778
60	0.9899
61	0.9889
62	0.8818
63	0.9896
64	0.9956
65	0.9974
66	0.9777
67	0.9769
68	0.9965
69	0.9222
70	0.9979
71	0.9838
72	0.9953
73	0.9882
74	0.9979
75	0.9918
76	0.9045
77	0.0000
78	0.9879
79	0.9981
80	0.9890
81	0.9854
82	0.9823
83	0.9058
84	0.9795
85	0.9894
86	0.9956
87	0.9950
88	0.9953
89	0.9977
90	0.9969
91	0.9940
92	0.9815
93	0.9971
94	0.9949
95	0.9902
96	0.9964
97	0.9924
98	0.9973
99	0.9924
100	0.9773
101	0.9564
102	0.9804
103	0.9886
104	0.9935
105	0.9925
106	0.9910
107	0.9901
108	0.9906
109	0.0000
110	0.9958
111	0.9954
112	0.9910
113	0.9922
114	0.9133
115	0.9919
116	0.9897
117	0.9801
118	0.9904
119	0.9939
120	0.9840
121	0.9947
122	0.9576
123	0.9847
124	0.9846
125	0.9878
126	0.9652
127	0.9904
128	0.9761
129	0.9919
130	0.9929
131	0.9929
132	0.9831
133	0.9946
134	0.9922
135	0.9958
136	0.9955
137	0.9766
138	0.9983
139	0.9941
140	0.9974
141	0.9922
142	0.9967
143	0.9973
144	0.9847
145	0.0010
146	0.9940
147	0.9778
148	0.9935
149	0.1266
150	0.0000
151	0.9953
152	0.9953
153	0.9958
154	0.9869
155	0.9550
156	0.9963
157	0.9935
158	0.9827
159	0.9059
160	0.9779
161	0.9714
162	0.9770
163	0.9869
164	0.9932
165	0.9839
166	0.9867
167	0.9952
168	0.9777
169	0.0000
170	0.0000
171	0.9881
172	0.9972
173	0.9973
174	0.9894
175	0.9946
176	0.9944
177	0.9913
178	0.9886
179	0.9885
180	0.9892
181	0.9923
182	0.0002
183	0.9862
184	0.9952
185	0.9901
186	0.0000
187	0.9905
188	0.9544
189	0.9550
190	0.9313
191	0.9898
192	0.8806
193	0.9660
194	0.9932
195	0.9878
196	0.9804
197	0.9640
198	0.9988
199	0.9976
200	0.9879
201	0.9882
202	0.9865
203	0.9862
204	0.9898
205	0.9879
206	0.9516
207	0.9922
208	0.9897
209	0.9897
210	0.9689
211	0.9931
212	0.9900
213	0.9966
214	0.9967
215	0.9947
216	0.9879
217	0.9961
218	0.9967
219	0.9890
220	0.0787
221	0.9886
222	0.9853
223	0.9827
224	0.9953
225	0.9840
226	0.9959
227	0.9832
228	0.9848
229	0.8753
230	0.9546
231	0.9760
232	0.9803
233	0.9944
234	0.9974
235	0.9943
236	0.9933
237	0.9962
238	0.9294
239	0.9852
240	0.9722
241	0.9874
242	0.9863
243	0.9906
244	0.9945
245	0.9919
246	0.9893
247	0.9928
248	0.9881
249	0.9975
250	0.9925
251	0.0000
252	0.9975
253	0.9860
254	0.9926
255	0.9962
256	0.9945
257	0.9941
258	0.9980
259	0.9822
260	0.9701
261	0.9949
262	0.9923
263	0.9984
264	0.9971
265	0.9895
266	0.9933
267	0.9069
268	0.0004
269	0.9918
270	0.9918
271	0.9892
272	0.9862
273	0.9930
274	0.9952
275	0.9859
276	0.8645
277	0.9938
278	0.9971
279	0.9923
280	0.9905
281	0.9921
282	0.9854
283	0.9880
284	0.9904
285	0.9788
286	0.9792
287	0.9887
288	0.9883
289	0.9883
290	0.9837
291	0.9784
292	0.9915
293	0.9926
294	0.9867
295	0.9944
296	0.8841
297	0.9264
298	0.9933
299	0.9827
300	0.9742
301	0.9742
302	0.9891
303	0.9901
304	0.9901
305	0.9793
306	0.9793
307	0.9897
308	0.9889
309	0.9140
310	0.9931
311	0.9308
312	0.9853
313	0.9847
314	0.9889
315	0.9925
316	0.9881
317	0.9984
318	0.9953
319	0.9909
320	0.9933
321	0.9938
322	0.9792
323	0.9829
324	0.9829
325	0.9893
326	0.8520
327	0.8699
328	0.9575
329	0.9793
330	0.9720
331	0.9719
332	0.9645
333	0.9709
334	0.9802
335	0.9944
336	0.9519
337	0.9983
338	0.8778
339	0.9679
340	0.9924
341	0.0000
342	0.9750
343	0.9934
344	0.9752
345	0.9847
346	0.9848
347	0.9954
348	0.9973
349	0.9922
350	0.9917
351	0.9960
352	0.9870
353	0.9869
354	0.9926
355	0.9926
356	0.9923
357	0.9083
358	0.9081
359	0.9577
360	0.9864
361	0.9925
362	0.9891
363	0.9891
364	0.9926
365	0.9943
366	0.9862
367	0.9862
368	0.9862
369	0.9752
370	0.9973
371	0.9846
372	0.9846
373	0.9689
374	0.0095
375	0.9968
376	0.9920
377	0.9766
378	0.9852
379	0.9845
380	0.9721
381	0.9654
382	0.9855
383	0.9839
384	0.9843
385	0.0096
386	0.9656
387	0.9897
388	0.9718
389	0.9952
390	0.9963
391	0.9893
392	0.9893
393	0.9910
394	0.9966
395	0.9930
396	0.9796
397	0.9927
398	0.9974
399	0.9973
400	0.9959
401	0.9971
402	0.9944
403	0.9878
404	0.9869
405	0.9914
406	0.9750
407	0.9200
408	0.9198
409	0.9960
410	0.9892
411	0.9967
412	0.9954
413	0.0094
414	0.9891
415	0.0096
416	0.9966
417	0.9956
418	0.9979
419	0.9854
420	0.9979
421	0.9861
422	0.0000
423	0.9918
424	0.9917
425	0.9815
426	0.9963
427	0.9589
428	0.9764
429	0.9883
430	0.9883
431	0.0000
432	0.0003
433	0.9107
434	0.9835
435	0.9821
436	0.9933
437	0.9981
438	0.9848
439	0.9897
440	0.9968
441	0.9808
442	0.9738
443	0.9778
444	0.9610
445	0.9666
446	0.9946
447	0.9939
448	0.9643
449	0.9906
450	0.9834
451	0.8815
452	0.9980
453	0.9895
454	0.9560
455	0.9550
456	0.9917
457	0.9909
458	0.9914
459	0.9936
460	0.9195
461	0.9032
462	0.0001
463	0.9954
464	0.9774
465	0.9903
466	0.9888
467	0.9754
468	0.9955
469	0.9967
470	0.9665
471	0.9948
472	0.9930
473	0.9937
474	0.9946
475	0.9879
476	0.0000
477	0.9779
478	0.9884
479	0.9555
480	0.9560
481	0.9559
482	0.9912
483	0.9940
484	0.9917
485	0.9832
486	0.9853
487	0.9872
488	0.0000
489	0.0095
490	0.9950
491	0.9934
492	0.9872
493	0.9949
494	0.9860
495	0.9894
496	0.9938
497	0.9218
498	0.9970
499	0.9118
500	0.9923
501	0.9864
502	0.9865
503	0.9873
504	0.9822
505	0.9879
506	0.9959
507	0.9893
508	0.9906
509	0.9877
510	0.9896
511	0.9714
512	0.9922
513	0.9919
514	0.9919
515	0.9874
516	0.9889
517	0.9870
518	0.9849
519	0.9072
520	0.9925
521	0.9934
522	0.9541
523	0.9960
524	0.9925
525	0.9870
526	0.9803
527	0.0000
528	0.9832
529	0.8740
530	0.9897
531	0.9955
532	0.9901
533	0.9820
534	0.9820
535	0.9073
536	0.9918
537	0.9785
538	0.9955
539	0.9853
540	0.9986
541	0.9792
542	0.9979
543	0.9960
544	0.9823
545	0.9847
546	0.9849
547	0.9936
548	0.9973
549	0.9972
550	0.9567
551	0.9567
552	0.9949
553	0.9926
554	0.9920
555	0.9916
556	0.9916
557	0.9722
558	0.9933
559	0.9959
560	0.8544
561	0.9924
562	0.9954
563	0.9966
564	0.9956
565	0.9877
566	0.9933
567	0.9966
568	0.9960
569	0.9980
570	0.9806
571	0.9833
572	0.9839
573	0.9938
574	0.9933
575	0.9922
576	0.9940
577	0.9817
578	0.9845
579	0.9956
580	0.9534
581	0.9959
582	0.9963
583	0.9658
584	0.9924
585	0.9893
586	0.9901
587	0.9931
588	0.0000
589	0.9964
590	0.9930
591	0.9910
592	0.8794
593	0.9836
594	0.9867
595	0.9986
596	0.9976
597	0.9974
598	0.9886
599	0.0230
600	0.9941
601	0.9832
602	0.0006
603	0.9931
604	0.9861
605	0.9948
606	0.0000
607	0.9940
608	0.9977
609	0.9981
610	0.9957
611	0.9247
612	0.9317
613	0.9955
614	0.9891
615	0.9903
616	0.9778
617	0.9903
618	0.9974
619	0.9870
620	0.9975
621	0.0001
622	0.0000
623	0.9168
624	0.9625
625	0.9900
626	0.9867
627	0.9867
628	0.0000
629	0.9967
630	0.9974
631	0.9254
632	0.9879
633	0.9959
634	0.9705
635	0.9943
636	0.9859
637	0.9859
638	0.9852
639	0.9946
640	0.9941
641	0.9931
642	0.9856
643	0.9961
644	0.9903
645	0.9903
646	0.9971
647	0.9974
648	0.9973
649	0.9789
650	0.9983
651	0.9852
652	0.9809
653	0.9943
654	0.9795
655	0.9710
656	0.9937
657	0.9801
658	0.9953
659	0.9938
660	0.9908
661	0.9934
662	0.9915
663	0.9939
664	0.9899
665	0.9959
666	0.9958
667	0.9945
668	0.9924
669	0.9954
670	0.9864
671	0.9842
672	0.9428
673	0.9894
674	0.9929
675	0.9707
676	0.9854
677	0.9588
678	0.9952
679	0.9952
680	0.9873
681	0.9100
682	0.9865
683	0.9913
684	0.9733
685	0.0000
686	0.9549
687	0.9920
688	0.9865
689	0.9989
690	0.9944
691	0.9543
692	0.9766
693	0.9875
694	0.9944
695	0.9911
696	0.9961
697	0.9857
698	0.9828
699	0.9859
700	0.9898
701	0.9140
702	0.0009
703	0.9945
704	0.8753
705	0.9548
706	0.9933
707	0.9972
708	0.9966
709	0.9799
710	0.0095
711	0.9931
712	0.9931
713	0.9822
714	0.9880
715	0.9891
716	0.9519
717	0.9967
718	0.9872
719	0.9932
720	0.9205
721	0.9896
722	0.9927
723	0.9914
724	0.9911
725	0.9129
726	0.9862
727	0.9898
728	0.9943
729	0.9888
730	0.9920
731	0.9939
732	0.9785
733	0.9839
734	0.0096
735	0.9955
736	0.9771
737	0.9982
738	0.9981
739	0.9964
740	0.9497
741	0.9912
742	0.9532
743	0.9970
744	0.9770
745	0.9978
746	0.0000
747	0.9783
748	0.9953
749	0.9925
750	0.9902
751	0.9764
752	0.9933
753	0.9962
754	0.9845
755	0.9946
756	0.9930
757	0.9898
758	0.9798
759	0.8621
760	0.9883
761	0.9878
762	0.9816
763	0.9770
764	0.9964
765	0.9663
766	0.9852
767	0.9910
768	0.9880
769	0.9876
770	0.9929
771	0.9932
772	0.9818
773	0.9794
774	0.9973
775	0.9742
776	0.9570
777	0.9681
778	0.9971
779	0.9553
780	0.9943
781	0.9941
782	0.9968
783	0.9908
784	0.9893
785	0.9703
786	0.9931
787	0.8420
788	0.9903
789	0.9960
790	0.9900
791	0.9980
792	0.8757
793	0.9563
794	0.9827
795	0.9884
796	0.0072
797	0.8955
798	0.9959
799	0.0000
800	0.9545
801	0.9946
802	0.9845
803	0.9917
804	0.9025
805	0.9815
806	0.9882
807	0.9860
808	0.9975
809	0.9692
810	0.9924
811	0.9828
812	0.9835
813	0.9839
814	0.9785
815	0.9965
816	0.8747
817	0.8747
818	0.8759
